Neural Network Classifier output

Classification Report

              precision    recall  f1-score   support

           0       0.40      0.42      0.41      1000
           1       0.44      0.45      0.44      1000
           2       0.28      0.32      0.30      1000
           3       0.30      0.15      0.20      1000
           4       0.30      0.34      0.32      1000
           5       0.33      0.35      0.34      1000
           6       0.36      0.36      0.36      1000
           7       0.42      0.40      0.41      1000
           8       0.43      0.53      0.47      1000
           9       0.47      0.43      0.45      1000

    accuracy                           0.37     10000
   macro avg       0.37      0.37      0.37     10000
weighted avg       0.37      0.37      0.37     10000


Confusion Matrix

[[421  39 109  10  72  30  33  61 186  39]
 [ 47 447  19  19  41  29  67  49 116 166]
 [106  33 323  58 145  94 119  57  44  21]
 [ 52  53 114 150 109 217 121  72  50  62]
 [ 81  27 187  31 336  76 103  90  52  17]
 [ 43  27 115  95 112 352  88  80  65  23]
 [ 51  69 117  50 133 119 363  32  35  31]
 [ 74  39  91  40 103  87  56 396  56  58]
 [124 103  32  16  40  38  18  35 528  66]
 [ 47 173  32  35  17  29  54  81 103 429]]
